21 10 6 35 27 11 28 
2 1 33 34 11 
2 35 33 
6 27 11 29 
1 34 
33 16 
23 34 25 
25 34 
2 10 
21 20 33 24 26 27 12 
2 5 19 
2 5 
25 29 
3 1 19 32 5 4 17 18 9 13 14 
1 7 33 
1 33 
4 33 
3 1 0 19 5 18 9 25 8 13 14 12 
6 33 28 11 
32 5 4 14 
32 5 19 17 18 8 14 
3 30 19 32 5 4 18 9 8 14 29 12 
8 12 
19 17 22 18 16 13 14 28 29 3 1 10 0 32 4 9 8 
1 0 32 4 22 18 9 16 8 13 
32 35 8 
21 20 1 4 28 
2 19 4 31 
5 32 22 
20 10 31 35 15 24 33 26 
19 17 22 18 23 16 34 25 13 14 12 29 3 1 0 32 5 4 9 8 
20 2 6 31 15 33 24 27 
22 17 16 13 14 11 12 29 
3 20 2 6 31 35 24 33 27 
32 8 
3 0 
21 2 20 1 31 35 33 24 15 26 
32 19 17 16 13 29 
21 20 31 18 33 24 26 29 
10 35 
5 14 
19 5 32 4 17 22 18 16 13 14 29 12 
19 29 
10 28 
21 20 2 6 31 35 33 24 27 11 
5 12 
21 2 20 10 30 6 31 35 15 24 33 26 27 28 11 12 
19 5 32 4 17 22 18 16 13 14 12 
2 7 31 
6 26 
35 12 
23 25 
2 31 
21 27 
32 19 17 22 18 16 13 29 12 
21 20 2 31 35 24 33 26 27 
2 32 17 18 33 16 13 
21 20 31 35 15 33 24 26 27 
20 24 
32 18 
