36 9 63 14 
20 43 6 8 
59 6 56 51 39 38 
49 2 30 37 28 
3 48 20 45 42 44 41 22 53 9 61 
17 39 
17 15 
43 11 
49 58 5 40 17 35 34 60 
49 30 
58 5 40 46 35 34 28 
30 28 
20 43 26 
41 26 
47 33 
2 1 0 41 51 26 
2 41 51 26 
56 54 
53 16 
7 23 53 16 13 11 
3 22 16 13 
33 12 
2 1 0 44 9 63 34 
48 58 47 55 46 23 36 33 16 13 14 11 4 53 50 
20 44 57 9 61 
8 61 
3 22 
20 45 52 18 53 25 14 11 
7 43 57 32 46 23 15 62 34 39 27 61 50 
43 46 52 23 62 39 27 50 
10 47 60 12 
48 45 51 18 36 53 25 14 11 
10 59 7 23 53 16 13 
2 20 43 51 36 26 39 12 29 50 
10 7 46 22 53 16 13 50 
44 28 
57 41 34 
9 12 
56 61 
16 13 
55 24 
46 50 
22 16 13 
7 23 
30 29 
49 20 42 47 53 37 
10 12 
49 20 59 51 26 38 
20 48 19 55 4 24 
20 57 5 40 11 
6 26 
7 53 13 
7 23 53 13 
2 57 41 51 
63 34 
48 36 
48 36 9 34 63 14 12 
5 40 
10 52 
1 0 7 44 9 
36 14 
1 0 
59 38 
62 27 
59 43 51 9 26 
42 56 25 
59 51 26 29 