70 38 
4 82 70 15 
58 28 
77 7 80 38 
79 96 6 56 
58 56 5 17 84 28 
82 85 
94 5 82 17 80 13 28 85 
94 41 56 28 38 85 
7 6 
7 42 84 88 
77 7 58 17 84 
77 7 58 56 17 84 
96 42 
4 84 
42 56 82 15 28 
61 28 
79 7 80 
2 69 
79 7 6 56 70 62 14 88 38 
79 7 5 80 13 84 
5 82 80 15 13 28 38 85 
5 28 
93 90 14 
95 15 88 
79 7 56 90 80 61 38 
95 80 14 
20 79 7 6 90 
56 17 38 
79 70 88 84 
20 70 80 13 84 88 
42 56 38 85 
79 93 
77 4 90 14 
56 9 
2 69 57 26 
95 94 41 56 82 17 28 85 38 
17 80 15 13 
79 77 7 42 6 5 87 88 
77 58 94 5 56 82 38 
95 90 33 
95 56 17 
95 56 17 28 
95 94 56 41 15 85 
95 94 42 5 82 17 15 88 28 85 
56 14 
77 95 94 5 41 32 82 15 75 85 
79 56 14 
10 28 
79 42 
43 6 73 88 
79 32 17 80 
95 94 41 56 32 15 28 75 
95 17 15 75 
17 50 
94 75 
90 80 14 
95 56 47 41 15 75 
94 58 17 
94 58 42 17 
77 90 80 33 
48 95 94 41 47 5 15 75 28 85 
95 94 41 5 15 80 28 75 
42 17 
75 28 85 
95 5 28 85 
90 62 
95 28 85 
75 85 
20 70 88 
77 38 
77 75 
56 4 28 
67 69 26 
77 43 93 70 
92 4 
15 80 13 28 84 85 
79 77 
94 82 
79 77 90 14 
48 96 94 56 47 15 28 38 20 7 32 82 85 
20 7 
79 77 14 75 
95 80 
96 93 
96 43 93 6 82 62 73 88 
6 62 73 88 
48 95 94 56 47 17 15 16 28 85 38 12 
59 50 
20 42 60 
20 42 
95 47 17 28 85 
7 75 
95 47 17 15 28 
7 13 75 
43 4 
95 28 
95 47 17 28 
95 47 82 15 28 
5 82 17 
94 41 15 28 38 85 
5 17 82 15 80 13 
77 7 80 61 75 38 
95 41 
95 94 42 41 5 56 17 82 15 28 38 
95 58 94 56 17 82 15 13 28 
77 5 17 38 
95 14 
77 7 5 90 
67 60 
56 28 
58 94 
94 5 15 28 
20 95 56 80 15 28 
95 41 56 47 15 28 
15 28 
43 92 
94 28 
95 5 17 80 13 
20 5 80 13 
5 13 
20 69 94 15 28 38 85 
94 33 88 28 38 
20 42 50 
6 56 90 9 75 
95 94 42 56 28 85 
94 58 47 56 5 82 16 38 
95 47 17 82 80 13 28 85 
1 96 6 
58 17 
82 80 
77 28 
4 9 
77 95 94 5 17 80 13 28 38 85 
10 42 15 
69 57 26 
1 96 93 62 84 
95 94 56 15 28 38 85 
77 7 90 33 80 61 
1 93 
69 23 
79 77 7 90 80 61 
51 72 34 
56 84 
93 70 
95 56 84 28 85 
78 30 71 81 
63 39 11 
79 7 42 
48 58 94 56 16 28 85 
48 20 47 56 15 28 85 38 
58 42 32 5 17 80 13 
22 34 
77 56 28 85 
28 85 
7 50 
2 26 
34 37 
22 63 
3 30 41 22 65 71 63 81 39 11 
79 68 
28 38 
67 69 60 
67 69 
68 77 7 90 61 
71 34 39 
78 22 18 34 39 11 3 30 41 65 71 63 81 72 
67 57 26 
1 95 58 
70 87 
3 30 71 39 11 
96 1 52 62 
79 7 32 
83 37 
3 30 83 37 
96 73 84 29 
67 80 
6 62 
67 61 
43 82 62 
43 62 
5 15 
69 26 
62 9 
67 69 23 60 26 
77 43 70 84 
95 58 94 17 15 13 28 
95 94 
69 60 
83 65 71 63 34 11 
14 84 
17 13 
35 18 
67 2 69 57 23 9 26 60 
35 34 
20 70 23 60 14 84 88 
5 61 
1 6 82 62 73 
70 84 
22 65 81 72 
5 82 17 15 13 
77 58 7 90 75 
22 72 
16 12 
95 5 15 13 
42 84 
96 1 
42 70 84 
22 83 37 11 
66 77 56 15 9 28 85 38 
47 56 82 85 
22 80 11 
90 23 
0 28 
22 11 
30 41 22 65 63 81 39 11 
10 64 84 
56 85 
3 30 41 22 65 83 63 81 72 34 39 
22 83 72 63 11 
3 18 
67 26 
48 7 6 29 
30 18 
48 95 94 38 
7 90 
14 75 
48 95 94 32 47 56 17 80 16 13 85 38 
42 32 
18 39 
6 9 73 50 
30 41 22 71 
1 52 
94 42 32 56 82 17 38 
23 9 26 60 
41 22 83 
71 63 72 39 
3 11 
20 6 73 50 
88 84 
95 94 56 47 13 38 42 5 82 80 84 88 85 
95 6 56 47 80 13 84 88 85 
17 38 
95 94 56 47 13 84 88 85 
65 71 63 39 
3 30 41 22 83 71 81 11 
5 70 80 13 88 84 
77 6 
70 88 
77 6 90 14 
82 52 
77 7 61 
77 61 
20 18 
82 15 
22 83 72 34 
30 11 
82 80 15 13 84 
90 14 
5 82 15 80 13 
42 90 14 75 
30 22 65 71 63 81 11 
7 90 14 84 75 
22 83 81 11 
20 95 58 94 6 82 50 
38 85 
95 58 94 17 73 
71 81 37 
57 23 60 
72 34 
6 56 9 29 
3 30 35 65 81 11 
83 34 
77 42 90 16 14 75 
48 95 94 80 15 16 13 85 12 38 
3 30 83 71 34 63 11 
48 95 94 47 80 15 16 13 38 85 
90 73 75 
3 30 83 11 
80 13 
42 90 15 73 75 
9 29 
95 5 47 56 17 80 13 38 85 
20 73 
20 95 73 84 50 
92 64 
20 50 
52 71 16 
77 7 
93 14 
95 56 80 85 
96 62 
77 73 
30 22 65 34 
93 14 84 
90 75 
95 82 
57 26 
22 80 
18 34 
43 61 
77 73 50 
79 7 
73 50 