21 2 43 22 24 9 11 37 
0 43 45 22 18 24 12 
6 17 18 24 15 12 38 
10 42 41 9 8 
21 10 0 43 22 9 37 11 
46 18 15 28 12 
21 42 23 9 8 39 
17 18 24 15 27 38 
21 10 6 42 23 9 8 13 11 37 
6 38 
16 38 
30 6 44 32 33 13 11 
21 16 27 
42 44 9 33 
2 22 23 9 11 
42 6 22 23 37 11 
23 37 
20 6 18 15 27 38 12 
20 6 15 38 
20 38 
18 15 38 12 
48 1 28 
48 1 42 44 47 
0 45 23 18 28 12 
2 10 23 15 39 11 38 
20 23 24 15 27 
0 30 44 32 31 33 38 
48 10 47 17 15 24 
2 43 23 9 8 37 11 38 
43 23 18 15 12 
43 17 18 33 15 24 39 38 12 
2 42 9 16 37 
5 16 
19 13 
2 10 5 35 8 39 13 37 
44 42 19 35 39 
6 44 42 19 35 9 8 
20 6 18 24 15 27 12 38 
48 0 42 6 44 19 47 
10 13 
48 19 47 
2 48 44 32 47 
10 8 39 13 
18 38 
39 38 
10 18 
16 27 
5 18 24 8 16 
5 8 
0 43 45 23 18 24 37 28 12 
18 27 
0 26 
6 44 
6 32 31 33 
30 47 19 32 
26 28 
44 47 
8 13 
48 1 
24 26 
45 23 24 11 
24 38 
42 25 37 
35 36 9 25 13 37 11 
31 38 
8 28 
36 9 13 11 
30 6 32 33 
2 10 43 23 9 11 
13 11 
42 35 13 
10 8 25 37 
5 11 
0 42 
0 45 28 
13 37 
42 37 
9 11 
6 44 19 
44 19 
10 43 18 23 38 
42 44 19 15 
16 13 
43 23 38 
2 42 35 36 9 
10 23 39 
10 43 
17 13 
44 31 
42 36 
20 42 40 35 9 
2 10 43 18 23 39 
10 23 
42 35 36 37 
48 47 
20 10 19 38 12 
48 30 44 6 32 31 33 28 38 
2 23 25 11 37 
10 42 23 8 25 39 37 
10 23 9 25 8 39 11 37 
38 12 
30 44 47 32 31 33 11 
10 39 
23 12 
31 33 
10 38 
25 39 
10 37 
2 23 
15 38 
30 32 
10 23 37 38 
21 35 
42 35 
16 25 